212	2023-08-15 18:08:05,105.941808,20.988830	255	15	0	0	0	0	0	0
212	2023-08-15 18:11:01,105.941808,20.988830	255	15	0	0	0	0	0	0
OPLOG 3	0	2023-08-15 18:11:06	0	0	0	0
212	2023-08-15 18:12:17,105.941808,20.988830	255	15	0	0	0	0	0	0
OPLOG 3	0	2023-08-15 18:12:21	0	0	0	0
212	2023-08-15 18:16:30,105.941808,20.988830	255	15	0	0	0	0	0	0
212	2023-08-15 18:28:16,105.941808,20.988830	255	15	0	0	0	0	0	0
212	2023-08-15 18:28:49,105.941808,20.988830	255	15	0	0	0	0	0	0
212	2023-08-15 18:29:21,105.941808,20.988830	255	15	0	0	0	0	0	0
212	2023-08-15 18:29:44,105.941808,20.988830	255	15	0	0	0	0	0	0
212	2023-08-15 18:30:01,105.941808,20.988830	255	15	0	0	0	0	0	0
212	2023-08-15 18:30:41,105.941808,20.988830	255	15	0	0	0	0	0	0
212	2023-08-15 18:31:06,105.941808,20.988830	255	15	0	0	0	0	0	0
212	2023-08-15 18:31:33,105.941808,20.988830	255	15	0	0	0	0	0	0
212	2023-08-15 18:32:17,105.941808,20.988830	255	15	0	0	0	0	0	0
